<?xml version="1.0"?>
<opencv_storage>
<K type_id="opencv-matrix">
  <rows>3</rows>
  <cols>3</cols>
  <dt>d</dt>
  <data>
    5.3215881696215013e+02 0. 6.1804847303394854e+02 0.
    5.3200223080953867e+02 3.7334182547262685e+02 0. 0. 1.</data></K>
<R type_id="opencv-matrix">
  <rows>3</rows>
  <cols>3</cols>
  <dt>d</dt>
  <data>
    1. 0. 0. 0. 1. 0. 0. 0. 1.</data></R>
<t type_id="opencv-matrix">
  <rows>1</rows>
  <cols>3</cols>
  <dt>d</dt>
  <data>
    0. 0. 0.</data></t>
<coeffs type_id="opencv-matrix">
  <rows>1</rows>
  <cols>5</cols>
  <dt>d</dt>
  <data>
    -1.0173590074633886e-01 1.2714405775485138e-01
    -3.6931444955403612e-04 1.4052159009652989e-04
    -6.9596738024872526e-02</data></coeffs>
<imageSize type_id="opencv-matrix">
  <rows>2</rows>
  <cols>1</cols>
  <dt>d</dt>
  <data>
    720. 1280.</data></imageSize>
<E type_id="opencv-matrix">
  <rows>3</rows>
  <cols>3</cols>
  <dt>d</dt>
  <data>
    1.6599393376011299e-07 1.4985331478771066e-04 1.8621052887640458e-05
    1.1144079586060830e-03 1.7773052906818860e-05 1.1990441591811360e-01
    5.8244098916060970e-06 -1.1990950221445475e-01
    1.7742974335831445e-05</data></E>
<F type_id="opencv-matrix">
  <rows>3</rows>
  <cols>3</cols>
  <dt>d</dt>
  <data>
    1.7206538938565360e-10 1.5538012529401796e-07
    -4.7844438564683299e-05 1.1553453210064463e-06
    1.8431362777154563e-08 6.5431221748827137e-02
    -4.1528791473437714e-04 -6.6160268961187776e-02 1.</data></F>
</opencv_storage>
