<?xml version="1.0"?>
<opencv_storage>
<K type_id="opencv-matrix">
  <rows>3</rows>
  <cols>3</cols>
  <dt>d</dt>
  <data>
    7.3263098165576218e+02 0. 4.0055026794285732e+02 0.
    7.8340549414186364e+02 2.2402436111347924e+02 0. 0. 1.</data></K>
<R type_id="opencv-matrix">
  <rows>3</rows>
  <cols>3</cols>
  <dt>d</dt>
  <data>
    1. 0. 0. 0. 1. 0. 0. 0. 1.</data></R>
<t type_id="opencv-matrix">
  <rows>1</rows>
  <cols>3</cols>
  <dt>d</dt>
  <data>
    0. 0. 0.</data></t>
<coeffs type_id="opencv-matrix">
  <rows>1</rows>
  <cols>5</cols>
  <dt>d</dt>
  <data>
    -8.4585519354846095e-02 2.3641595958347913e-01 0. 0. 0.</data></coeffs>
<imageSize type_id="opencv-matrix">
  <rows>2</rows>
  <cols>1</cols>
  <dt>d</dt>
  <data>
    480. 800.</data></imageSize>
<E type_id="opencv-matrix">
  <rows>3</rows>
  <cols>3</cols>
  <dt>d</dt>
  <data>
    -3.9479371018829306e-07 -4.7512149578219222e-04
    3.7741374554137424e-04 4.4761383027263686e-04
    -7.5823246507548405e-04 6.0563837608211733e-02
    -4.1562932294431602e-04 -6.0563453414870051e-02
    -7.5813291591520253e-04</data></E>
<F type_id="opencv-matrix">
  <rows>3</rows>
  <cols>3</cols>
  <dt>d</dt>
  <data>
    4.0721578398295161e-10 4.5830830281320130e-07
    -3.8804049067505769e-04 -4.3087190780699754e-07
    6.8256768848072776e-07 -4.2691680928875500e-02
    4.1674110447177518e-04 4.2506157100457374e-02 1.</data></F>
</opencv_storage>
