<?xml version="1.0"?>
<opencv_storage>
<K type_id="opencv-matrix">
  <rows>3</rows>
  <cols>3</cols>
  <dt>d</dt>
  <data>
    7.3557469641855801e+02 0. 3.9686640125344883e+02 0.
    7.8442066952473215e+02 2.3333713752263586e+02 0. 0. 1.</data></K>
<R type_id="opencv-matrix">
  <rows>3</rows>
  <cols>3</cols>
  <dt>d</dt>
  <data>
    1. 0. 0. 0. 1. 0. 0. 0. 1.</data></R>
<t type_id="opencv-matrix">
  <rows>1</rows>
  <cols>3</cols>
  <dt>d</dt>
  <data>
    0. 0. 0.</data></t>
<coeffs type_id="opencv-matrix">
  <rows>1</rows>
  <cols>5</cols>
  <dt>d</dt>
  <data>
    -2.1963792958105896e-01 7.4923423507576015e-01 0. 0. 0.</data></coeffs>
<imageSize type_id="opencv-matrix">
  <rows>2</rows>
  <cols>1</cols>
  <dt>d</dt>
  <data>
    480. 800.</data></imageSize>
<E type_id="opencv-matrix">
  <rows>3</rows>
  <cols>3</cols>
  <dt>d</dt>
  <data>
    2.1721926085926054e-06 2.7338580439559114e-03
    -1.4456531230291841e-03 -2.7615364906427857e-03
    -1.0840741947667262e-03 5.9411149970335732e-02
    1.4777639791317149e-03 -5.9414108029002245e-02
    -1.0835720970959948e-03</data></E>
<F type_id="opencv-matrix">
  <rows>3</rows>
  <cols>3</cols>
  <dt>d</dt>
  <data>
    -1.6721728056299967e-09 -1.9734973023423212e-06
    1.2797575432306192e-03 1.9807027139166505e-06 7.2913050653352715e-07
    -3.2300844985941393e-02 -1.3090107769846233e-03
    3.1568189236592395e-02 1.</data></F>
</opencv_storage>
