<?xml version="1.0"?>
<opencv_storage>
<K type_id="opencv-matrix">
  <rows>3</rows>
  <cols>3</cols>
  <dt>d</dt>
  <data>
    7.3740211215539762e+02 0. 3.8488635146603804e+02 0.
    7.8580687771253395e+02 2.4750635003631976e+02 0. 0. 1.</data></K>
<R type_id="opencv-matrix">
  <rows>3</rows>
  <cols>3</cols>
  <dt>d</dt>
  <data>
    1. 0. 0. 0. 1. 0. 0. 0. 1.</data></R>
<t type_id="opencv-matrix">
  <rows>1</rows>
  <cols>3</cols>
  <dt>d</dt>
  <data>
    0. 0. 0.</data></t>
<coeffs type_id="opencv-matrix">
  <rows>1</rows>
  <cols>5</cols>
  <dt>d</dt>
  <data>
    -1.6004916593882496e-01 9.4198193577006128e-01
    1.6967167663045884e-03 -1.2353896745453754e-03
    -1.8597224044610943e+00</data></coeffs>
<imageSize type_id="opencv-matrix">
  <rows>2</rows>
  <cols>1</cols>
  <dt>d</dt>
  <data>
    480. 800.</data></imageSize>
<E type_id="opencv-matrix">
  <rows>3</rows>
  <cols>3</cols>
  <dt>d</dt>
  <data>
    1.4296465985076163e-07 3.7710269369148428e-04
    -1.3884040087619334e-04 -2.9790737838302173e-04
    -3.6066099441990564e-04 -6.0131019441647483e-02
    1.3040513699827256e-04 6.0130584734480449e-02
    -3.6044605940087549e-04</data></E>
<F type_id="opencv-matrix">
  <rows>3</rows>
  <cols>3</cols>
  <dt>d</dt>
  <data>
    -1.5659823355054207e-10 -3.8762015402441906e-07
    2.0814333069508797e-04 3.0618994592033860e-07 3.4785431404363121e-07
    4.5369579354260531e-02 -1.7575315812906289e-04
    -4.5487762224784178e-02 1.</data></F>
</opencv_storage>
