<?xml version="1.0"?>
<opencv_storage>
<K type_id="opencv-matrix">
  <rows>3</rows>
  <cols>3</cols>
  <dt>d</dt>
  <data>
    7.3633753122083215e+02 0. 3.8786164442390447e+02 0.
    7.8450860168490169e+02 2.4351948685492314e+02 0. 0. 1.</data></K>
<R type_id="opencv-matrix">
  <rows>3</rows>
  <cols>3</cols>
  <dt>d</dt>
  <data>
    1. 0. 0. 0. 1. 0. 0. 0. 1.</data></R>
<t type_id="opencv-matrix">
  <rows>1</rows>
  <cols>3</cols>
  <dt>d</dt>
  <data>
    0. 0. 0.</data></t>
<coeffs type_id="opencv-matrix">
  <rows>1</rows>
  <cols>5</cols>
  <dt>d</dt>
  <data>
    -1.0266602449272008e-01 3.0996633280174118e-01 0. 0. 0.</data></coeffs>
<imageSize type_id="opencv-matrix">
  <rows>2</rows>
  <cols>1</cols>
  <dt>d</dt>
  <data>
    480. 800.</data></imageSize>
<E type_id="opencv-matrix">
  <rows>3</rows>
  <cols>3</cols>
  <dt>d</dt>
  <data>
    9.9608047166786078e-07 2.3648870105210144e-04
    -1.7154657409717083e-04 1.0265092409856311e-04
    -4.2873807588551788e-04 -6.0254451247535208e-02
    1.7914297160236706e-04 6.0254049890669854e-02
    -4.2775992203491478e-04</data></E>
<F type_id="opencv-matrix">
  <rows>3</rows>
  <cols>3</cols>
  <dt>d</dt>
  <data>
    -1.1059636748387357e-09 -2.4645410731021053e-07
    2.0069616329154678e-04 -1.0696659618883685e-07
    4.1933063787929454e-07 4.6172299639994308e-02
    -1.2168603192169024e-04 -4.6224900515559879e-02 1.</data></F>
</opencv_storage>
