<?xml version="1.0"?>
<opencv_storage>
<K type_id="opencv-matrix">
  <rows>3</rows>
  <cols>3</cols>
  <dt>d</dt>
  <data>
    5.3125384444505767e+02 0. 6.5499278993665041e+02 0.
    5.3117274830155384e+02 3.6212777405900755e+02 0. 0. 1.</data></K>
<R type_id="opencv-matrix">
  <rows>3</rows>
  <cols>3</cols>
  <dt>d</dt>
  <data>
    9.9994439631689491e-01 2.0249464295300928e-04
    -1.0543399374027698e-02 -2.0404880207068726e-04
    9.9999996847575268e-01 -1.4633037993819778e-04
    1.0543369410536929e-02 1.4847361144214522e-04 9.9994440611318969e-01</data></R>
<t type_id="opencv-matrix">
  <rows>3</rows>
  <cols>1</cols>
  <dt>d</dt>
  <data>
    -1.1990950221919798e-01 1.8644017069130583e-05
    -1.4985055136709045e-04</data></t>
<coeffs type_id="opencv-matrix">
  <rows>1</rows>
  <cols>5</cols>
  <dt>d</dt>
  <data>
    -1.0090109607446200e-01 1.2213017842074025e-01
    -1.1866802846049009e-04 2.0311187377247445e-05
    -6.5417581557743201e-02</data></coeffs>
<imageSize type_id="opencv-matrix">
  <rows>2</rows>
  <cols>1</cols>
  <dt>d</dt>
  <data>
    720. 1280.</data></imageSize>
<E type_id="opencv-matrix">
  <rows>3</rows>
  <cols>3</cols>
  <dt>d</dt>
  <data>
    1.6599393376011299e-07 1.4985331478771066e-04 1.8621052887640458e-05
    1.1144079586060830e-03 1.7773052906818860e-05 1.1990441591811360e-01
    5.8244098916060970e-06 -1.1990950221445475e-01
    1.7742974335831445e-05</data></E>
<F type_id="opencv-matrix">
  <rows>3</rows>
  <cols>3</cols>
  <dt>d</dt>
  <data>
    1.7206538938565360e-10 1.5538012529401796e-07
    -4.7844438564683299e-05 1.1553453210064463e-06
    1.8431362777154563e-08 6.5431221748827137e-02
    -4.1528791473437714e-04 -6.6160268961187776e-02 1.</data></F>
</opencv_storage>
