<?xml version="1.0"?>
<opencv_storage>
<K type_id="opencv-matrix">
  <rows>3</rows>
  <cols>3</cols>
  <dt>d</dt>
  <data>
    7.3333650324988332e+02 0. 3.7787153442858153e+02 0.
    7.8580176295456749e+02 2.3790945217918753e+02 0. 0. 1.</data></K>
<R type_id="opencv-matrix">
  <rows>3</rows>
  <cols>3</cols>
  <dt>d</dt>
  <data>
    9.9999978728832217e-01 -5.3792656687813632e-04
    3.6886083980658711e-04 5.3326831966874703e-04 9.9992154669885036e-01
    1.2514634324586842e-02 -3.7556385573400138e-04
    -1.2514434960777742e-02 9.9992162086305680e-01</data></R>
<t type_id="opencv-matrix">
  <rows>3</rows>
  <cols>1</cols>
  <dt>d</dt>
  <data>
    -6.0568411410183390e-02 3.8333018950540993e-04
    4.7036123644885640e-04</data></t>
<coeffs type_id="opencv-matrix">
  <rows>1</rows>
  <cols>5</cols>
  <dt>d</dt>
  <data>
    -8.9405494152622236e-02 2.8041907294004409e-01 0. 0. 0.</data></coeffs>
<imageSize type_id="opencv-matrix">
  <rows>2</rows>
  <cols>1</cols>
  <dt>d</dt>
  <data>
    480. 800.</data></imageSize>
<E type_id="opencv-matrix">
  <rows>3</rows>
  <cols>3</cols>
  <dt>d</dt>
  <data>
    -3.9479371018829306e-07 -4.7512149578219222e-04
    3.7741374554137424e-04 4.4761383027263686e-04
    -7.5823246507548405e-04 6.0563837608211733e-02
    -4.1562932294431602e-04 -6.0563453414870051e-02
    -7.5813291591520253e-04</data></E>
<F type_id="opencv-matrix">
  <rows>3</rows>
  <cols>3</cols>
  <dt>d</dt>
  <data>
    4.0721578398295161e-10 4.5830830281320130e-07
    -3.8804049067505769e-04 -4.3087190780699754e-07
    6.8256768848072776e-07 -4.2691680928875500e-02
    4.1674110447177518e-04 4.2506157100457374e-02 1.</data></F>
</opencv_storage>
