<?xml version="1.0"?>
<opencv_storage>
<K type_id="opencv-matrix">
  <rows>3</rows>
  <cols>3</cols>
  <dt>d</dt>
  <data>
    7.3719730571068055e+02 0. 4.0444523432472266e+02 0.
    7.8565564710941931e+02 2.3029658112460427e+02 0. 0. 1.</data></K>
<R type_id="opencv-matrix">
  <rows>3</rows>
  <cols>3</cols>
  <dt>d</dt>
  <data>
    9.9999910927115609e-01 1.1060664160159148e-04 1.3301214475808173e-03
    -1.0262760216692910e-04 9.9998201075138249e-01
    -5.9973028268655382e-03 -1.3307608612197527e-03
    5.9971609777201692e-03 9.9998113138985656e-01</data></R>
<t type_id="opencv-matrix">
  <rows>3</rows>
  <cols>1</cols>
  <dt>d</dt>
  <data>
    6.0131651351446609e-02 -1.3657642584337119e-04
    -3.7792856315391085e-04</data></t>
<coeffs type_id="opencv-matrix">
  <rows>1</rows>
  <cols>5</cols>
  <dt>d</dt>
  <data>
    -1.9904671608589192e-01 1.2600382675636330e+00
    1.3180748937224073e-03 1.3822741121420417e-04
    -2.6634943085843803e+00</data></coeffs>
<imageSize type_id="opencv-matrix">
  <rows>2</rows>
  <cols>1</cols>
  <dt>d</dt>
  <data>
    480. 800.</data></imageSize>
<E type_id="opencv-matrix">
  <rows>3</rows>
  <cols>3</cols>
  <dt>d</dt>
  <data>
    1.4296465985076163e-07 3.7710269369148428e-04
    -1.3884040087619334e-04 -2.9790737838302173e-04
    -3.6066099441990564e-04 -6.0131019441647483e-02
    1.3040513699827256e-04 6.0130584734480449e-02
    -3.6044605940087549e-04</data></E>
<F type_id="opencv-matrix">
  <rows>3</rows>
  <cols>3</cols>
  <dt>d</dt>
  <data>
    -1.5659823355054207e-10 -3.8762015402441906e-07
    2.0814333069508797e-04 3.0618994592033860e-07 3.4785431404363121e-07
    4.5369579354260531e-02 -1.7575315812906289e-04
    -4.5487762224784178e-02 1.</data></F>
</opencv_storage>
