<?xml version="1.0"?>
<opencv_storage>
<K type_id="opencv-matrix">
  <rows>3</rows>
  <cols>3</cols>
  <dt>d</dt>
  <data>
    7.3621510918538957e+02 0. 4.0414577910396383e+02 0.
    7.8445105319258778e+02 2.2721145556126555e+02 0. 0. 1.</data></K>
<R type_id="opencv-matrix">
  <rows>3</rows>
  <cols>3</cols>
  <dt>d</dt>
  <data>
    9.9998403552607940e-01 -1.1387124848242281e-04
    5.6494005270976717e-03 1.5406640130894618e-04 9.9997467608256130e-01
    -7.1150163120430295e-03 -5.6484472663547204e-03
    7.1157731073594336e-03 9.9995872955665710e-01</data></R>
<t type_id="opencv-matrix">
  <rows>3</rows>
  <cols>1</cols>
  <dt>d</dt>
  <data>
    6.0255595140820940e-02 -1.6986232066288026e-04
    -2.3770342236727093e-04</data></t>
<coeffs type_id="opencv-matrix">
  <rows>1</rows>
  <cols>5</cols>
  <dt>d</dt>
  <data>
    -1.3174384222212832e-01 4.5190044648667321e-01 0. 0. 0.</data></coeffs>
<imageSize type_id="opencv-matrix">
  <rows>2</rows>
  <cols>1</cols>
  <dt>d</dt>
  <data>
    480. 800.</data></imageSize>
<E type_id="opencv-matrix">
  <rows>3</rows>
  <cols>3</cols>
  <dt>d</dt>
  <data>
    9.9608047166786078e-07 2.3648870105210144e-04
    -1.7154657409717083e-04 1.0265092409856311e-04
    -4.2873807588551788e-04 -6.0254451247535208e-02
    1.7914297160236706e-04 6.0254049890669854e-02
    -4.2775992203491478e-04</data></E>
<F type_id="opencv-matrix">
  <rows>3</rows>
  <cols>3</cols>
  <dt>d</dt>
  <data>
    -1.1059636748387357e-09 -2.4645410731021053e-07
    2.0069616329154678e-04 -1.0696659618883685e-07
    4.1933063787929454e-07 4.6172299639994308e-02
    -1.2168603192169024e-04 -4.6224900515559879e-02 1.</data></F>
</opencv_storage>
