<?xml version="1.0"?>
<opencv_storage>
<K type_id="opencv-matrix">
  <rows>3</rows>
  <cols>3</cols>
  <dt>d</dt>
  <data>
    7.2311532483305814e+02 0. 3.7166181393035714e+02 0.
    7.7610749930201086e+02 2.4588215559039645e+02 0. 0. 1.</data></K>
<R type_id="opencv-matrix">
  <rows>3</rows>
  <cols>3</cols>
  <dt>d</dt>
  <data>
    9.9999953530083918e-01 -3.1224405613150628e-04
    9.1208648439890184e-04 2.9553955283590720e-04 9.9983327104262554e-01
    1.8257677085996502e-02 -9.1763526431919314e-04
    -1.8257399044037538e-02 9.9983289870141223e-01</data></R>
<t type_id="opencv-matrix">
  <rows>3</rows>
  <cols>1</cols>
  <dt>d</dt>
  <data>
    -5.9423548748459815e-02 -1.4953266830338122e-03
    -2.7070086047248352e-03</data></t>
<coeffs type_id="opencv-matrix">
  <rows>1</rows>
  <cols>5</cols>
  <dt>d</dt>
  <data>
    -5.9132586544079400e-02 1.7885466187182222e-01 0. 0. 0.</data></coeffs>
<imageSize type_id="opencv-matrix">
  <rows>2</rows>
  <cols>1</cols>
  <dt>d</dt>
  <data>
    480. 800.</data></imageSize>
<E type_id="opencv-matrix">
  <rows>3</rows>
  <cols>3</cols>
  <dt>d</dt>
  <data>
    2.1721926085926054e-06 2.7338580439559114e-03
    -1.4456531230291841e-03 -2.7615364906427857e-03
    -1.0840741947667262e-03 5.9411149970335732e-02
    1.4777639791317149e-03 -5.9414108029002245e-02
    -1.0835720970959948e-03</data></E>
<F type_id="opencv-matrix">
  <rows>3</rows>
  <cols>3</cols>
  <dt>d</dt>
  <data>
    -1.6721728056299967e-09 -1.9734973023423212e-06
    1.2797575432306192e-03 1.9807027139166505e-06 7.2913050653352715e-07
    -3.2300844985941393e-02 -1.3090107769846233e-03
    3.1568189236592395e-02 1.</data></F>
</opencv_storage>
