<?xml version="1.0"?>
<opencv_storage>
<K type_id="opencv-matrix">
  <rows>3</rows>
  <cols>3</cols>
  <dt>d</dt>
  <data>
    5.3295425482487565e+02 0. 6.5670458512219568e+02 0.
    5.3320045261057976e+02 3.6220876580305213e+02 0. 0. 1.</data></K>
<R type_id="opencv-matrix">
  <rows>3</rows>
  <cols>3</cols>
  <dt>d</dt>
  <data>
    9.9993917713386449e-01 1.4330825093098471e-04
    -1.1028213617593569e-02 -1.3962086825971060e-04
    9.9999993409754950e-01 3.3512819903969252e-04 1.1028260917443307e-02
    -3.3356804682146214e-04 9.9993913124424472e-01</data></R>
<t type_id="opencv-matrix">
  <rows>3</rows>
  <cols>1</cols>
  <dt>d</dt>
  <data>
    -1.1993424980635353e-01 4.0582539881431965e-05
    -8.7274248207300199e-04</data></t>
<coeffs type_id="opencv-matrix">
  <rows>1</rows>
  <cols>5</cols>
  <dt>d</dt>
  <data>
    -5.0361379784761344e-02 1.3912121362702168e-02 0. 0. 0.</data></coeffs>
<imageSize type_id="opencv-matrix">
  <rows>2</rows>
  <cols>1</cols>
  <dt>d</dt>
  <data>
    720. 1280.</data></imageSize>
<E type_id="opencv-matrix">
  <rows>3</rows>
  <cols>3</cols>
  <dt>d</dt>
  <data>
    3.2570177539081305e-07 8.7272888751857038e-04 4.0872550288966546e-05
    4.4997680042844709e-04 -4.0131304653521715e-05
    1.1993657434832082e-01 -2.3834747443001212e-05
    -1.1993424771820538e-01 -3.9745796221822910e-05</data></E>
<F type_id="opencv-matrix">
  <rows>3</rows>
  <cols>3</cols>
  <dt>d</dt>
  <data>
    3.2749981580296832e-10 8.7694466483280199e-07
    -3.0596016095335723e-04 4.5225198511374106e-07
    -4.0306542124687741e-08 6.4043936679616900e-02
    -1.7679766017316502e-04 -6.4789529233838586e-02 1.</data></F>
</opencv_storage>
